-0.127 0.508 1.0
0.753 -0.581 0
-1.279 -0.707 1.0
1.115 -0.03 0
-1.217 0.846 1.0
0.851 0.458 0
-1.442 0.934 1.0
1.092 0.545 0
-0.745 -0.934 0
0 1.853 1.0
1.31 0.683 0
1.27 -0.695 1.0
-0.775 1.073 0
0.832 -0.934 0
-1.0 -0.5 1.0
-1.103 1.091 0
-1.054 -0.269 1.0
-1.58 1.102 0
-0.578 -0.269 1.0
-1.827 1.056 0
-0.766 -0.081 1.0
-1.637 0.912 0
-0.904 0.608 1.0
-1.361 0.763 0
-1.035 0.915 1.0
-0.252 1.671 0
-0.352 1.153 1.0
-0.252 1.671 0
-0.214 1.485 1.0
0.184 1.832 0
0.268 1.397 1.0
1.287 1.073 0
0.619 0.702 1.0
0.776 1.073 0
0.535 1.073 0
1.529 0.866 0
0.253 -0.26 0
-0.339 -0.271 0
0.876 0.107 1.0
-0.643 -0.449 0
0.656 -0.288 1.0
-1.086 -0.702 0
1.0 -0.5 1.0
-1.235 -0.3 0
0.274 -0.094 1.0
-1.011 0.131 0
-0.265 0.257 1.0
-1.367 0.2 0
0.274 0.289 1.0
-1.936 0.711 0
0.086 0.784 1.0
-1.832 -0.237 0
0.086 1.134 1.0
0.207 -0.604 0
-0.471 0.621 1.0
-0.302 2.122 0
-0.196 0.702 1.0
0.715 1.541 0
-0.559 0.138 1.0
1.025 1.642 0
0.406 0.834 1.0
-1.0 1.5 0
-0.747 0.94 1.0
-0.526 1.056 0
-0.841 0.232 1.0
0.604 1.25 0
0.8 0.295 1.0
-0.892 0.41 0
0.606 0.088 1.0
1.397 0.16 0
0.374 0.489 1.0
1.264 -0.116 0
0.399 1.109 1.0
1.5 -1.0 0
-0.039 1.266 1.0
0.402 1.404 0
1.006 -0.771 0
0.155 1.585 1.0
0.035 -0.162 0
1.12 -0.338 1.0
-0.448 -0.748 0
-0.772 -0.4 1.0
-1.177 -0.972 0
-0.227 -0.075 1.0
-0.549 -0.947 0
-0.5 -0.5 0
0.074 0.207 1.0
0.316 -0.966 1.0
-0.094 -0.875 0
0.118 0.495 1.0
-1.5 0.5 0
1.446 0.934 1.0
-0.752 1.585 0
0.784 0.914 1.0
-0.218 1.809 0
0.956 0.97 1.0
0.023 2.148 0
0.907 0.728 1.0
0.368 1.734 0
0.773 0.622 1.0
1.862 1.0 0
1.191 0.745 1.0
1.42 0.625 0
1.149 0.921 1.0
1.029 1.165 0
1.276 0.928 1.0
1.5 1.188 0
1.543 0.956 1.0
-0.471 1.395 0
0.598 0.928 1.0
-1.545 1.567 0
-0.109 0.9 1.0
-1.235 0.539 0
1.051 0.833 1.0
-1.287 -0.053 0
0.883 -0.252 1.0
-1.126 0.303 0
-0.558 0.418 1.0
-1.683 0.206 0
-0.615 0.684 1.0
-1.447 -0.421 0
-0.893 0 1.0
-1.5 -1.0 0
-1.12 -0.486 1.0
-1.568 -0.668 0
-0.879 -0.748 1.0
0.555 -0.081 1.0
-0.201 -0.3 0
0.506 -0.375 0
0.491 0.374 1.0
0.753 -0.581 0
1.115 -0.03 0
0.264 0.69 1.0
