-1.837 1.000 1.0
0.613 -1.989 0.0
-1.330 0.512 1.0
2.096 0.567 0.0
1.315 2.143 0.0
-1.489 0.841 1.0
-1.489 1.239 1.0
-0.583 1.259 1.0
-0.578 2.090 0.0
-0.446 1.812 0.0
0 2.196 0.0
0.202 1.050 1.0
0.501 1.269 1.0
-0.154 1.574 0.0
0.176 1.733 0.0
-0.414 1.010 1.0
-1.091 1.050 1.0
0.829 1.428 1.0
-1.784 -0.518 0.0
-1.267 -0.055 0.0
1.018 1.747 1.0
1.138 1.577 1.0
-2.181 -0.770 0.0
-2.168 -1.207 0.0
0.670 0.1546 1.0
1.287 1.259 1.0
-0.817 -2.121 0.0
-0.486 -1.803 0.0
-0.141 -1.432 0.0
1.695 1.040 1.0
1.506 0.771 1.0
1.147 0.612 1.0
0.520 1.984 0.0
0.931 2.276 0.0
-2.287 1.110 0.0
-2.181 0.686 0.0
0.998 0.284 1.0
1.755 -0.999 1.0
1.434 -2.055 0.0
1.659 -1.591 0.0
2.017 -1.419 0.0
1.476 -1.069 1.0
1.257 -1.358 1.0
1.048 -1.666 1.0
-0.433 -2.240 0.0
0 -2 0.0
-0.583 -1.139 1.0
0.454 -2.360 0.0
0 -2.386 0.0
0.232 -0.790 1.0
0.958 -0.910 1.0
-1.082 2.435 0.0
0 1.375 0.0
0.944 -2.307 0.0
-0.334 -1.059 1.0
-0.892 -1.557 1.0
-1.141 -1.666 1.0
0.361 -1.843 0.0
-0.565 2.422 0.0
0.919 0.911 1.0
1.068 -0.273 1.0
0.520 2.461 0.0
-2.102 0.302 0.0
-2 0 0.0
-1.230 1.498 1.0
-0.932 1.697 1.0
-0.842 1.458 1.0
-1.347 2.011 0.0
-2.367 -0.452 0.0
-2.327 0 0.0
2.3486 0.236 0.0
-1.824 -1.485 0.0
-1.691 -1.750 0.0
-1.091 -1.358 1.0
2.242 -0.942 0.0
1.951 -0.518 0.0
1.237 -0.472 1.0
1.506 -0.790 1.0
1.567 -0.240 0.0
1.355 0 0.0
1.673 0.315 0.0
-1.569 -1.159 1.0
-1.588 -0.920 1.0
-1.151 -0.621 1.0
2.4413 -0.439 0.0
-1.996 -1.830 0.0
2 2 0.0
-2.181 2.143 0.0
-1.001 -0.253 1.0
-0.832 -0.790 1.0
-0.693 0.542 1.0
-0.573 0.094 1.0
-0.5 -0.5 1.0
0.182 -0.342 1.0
-0.135 0.065 1.0
0.122 0.065 1.0
0.660 -0.522 1.0
-2.022 1.402 0.0
-1.757 1.839 0.0
0.700 -1.477 1.0
0.351 -1.119 1.0
-1.771 0.448 0.0
-1.506 0.209 0.0
-1.559 -0.094 0.0
-0.225 0.443 1.0
0.282 0.692 1.0
0.590 0.463 1.0
-1.506 -2.201 0.0
-1.174 -2.293 0.0
0.096 -1.525 0.0
